11111111111111111111
10000000000000000001
10000000000000000001
10000111111110000001
10000000000000000001
10000000000000000001
100000P0000000000001
10000000000000000001
10000000000000000001
10000000000000000001
10000000000000000001
10000002222222000001
10000000000000000001
10000000000000000001
10000000000000000001
10000000000000000001
10000000000000000001
10000000000000000001
10000003333333000001
10000000000000000001
10000000000000000001
10000000000000000001
10000000000000000001
10000000000000000001 
11111111111111111111


